0
5.93317174307619e-06
1.18663434861524e-05
1.77995152292286e-05
3.09199558576235e-05
4.40403964860183e-05
5.71608371144132e-05
7.02812777428081e-05
0.000110506153847100
0.000150731029951391
0.000190955906055682
0.000231180782159974
0.000633429543202888
0.00103567830424580
0.00143792706528872
0.00184017582633163
0.00586266343676077
0.00988515104718991
0.0139076386576191
0.0179301262680482
0.0581550023723396
0.0983798784766310
0.138604754580922
0.178829630685214
0.581078391728128
0.983327152771042
1.38557591381396
1.78782467485687
5.45486528903438
9.12190590321188
12.7889465173894
16.4559871315669
24.8365049791325
33.2170228266981
41.5975406742636
49.9780585218292
58.3585763693948
78.0558605574126
97.7531447454305
117.450428933448
137.147713121466
156.844997309484
182.685896611722
208.526795913959
234.367695216197
260.208594518435
286.049493820673
307.275055436402
328.500617052131
349.726178667861
370.951740283590
392.177301899319
415.297757389876
438.418212880433
461.538668370989
484.659123861546
507.779579352103
530.900034842659
555.405433849599
579.910832856539
604.416231863478
628.921630870418
653.427029877358
677.932428884298
722.263510287377
766.594591690457
810.925673093537
855.256754496617
899.587835899696
943.918917302776
1007.27921852020
1070.63951973762
1133.99982095504
1197.36012217246
1260.72042338988
1397.05640425679
1533.39238512371
1669.72836599062
1806.06434685753
1942.40032772444
2147.60114603472
2352.80196434500
2558.00278265528
2763.20360096556
2968.40441927584
3320.54819032097
3672.69196136610
4024.83573241123
4376.97950345636
4729.12327450148
5243.72244633422
5758.32161816696
6272.92078999970
6787.51996183244
7302.11913366518
8230.68940671919
9159.25967977320
10087.8299528272
11016.4002258812
11944.9704989352
13392.7918136321
14840.6131283290
16288.4344430259
17736.2557577228
19184.0770724197
21937.4473847519
24690.8176970841
27444.1880094163
30197.5583217485
32950.9286340807
35141.4506047399
36895.9512867184
38270.5748377916
39338.8483679745
40182.7543948778
40836.0048864023
41354.4041948689
41756.1519614876
42075.8781419665
42324.8630564042
42523.7218790139
42680.3503163613
42806.4355395514
42908.7756804113
42992.3057945746
43061.1116709416
43081.7534338517
43102.3951967618
43123.0369596719
43143.6787225820
43164.3204854921
43171.6001382911
43178.8797910900
43186.1594438889
43193.4390966879
43197.7987219157
43199.3134727774
43199.8397691567
43199.9311994684
43199.9731648463
43199.9926978689
43199.9974942655
43200.0010771496
43200.0046600336
43200.0058292207
43200.0069984079
43200.0081675950
43200.0093367822
43200.0105059694
43200.0167026143
43200.0228992592
43200.0290959041
43200.0352925490
43200.0972589981
43200.1592254473
43200.2211918964
43200.2831583455
43200.9028228368
43201.5224873281
43202.1421518194
43202.7618163107
43208.9584612236
43215.1551061366
43221.3517510495
43227.5483959624
43289.5148450918
43351.4812942211
43413.4477433505
43475.4141924798
44095.0786837732
44714.7431750666
45334.4076663600
45954.0721576534
46573.7366489468
48116.8709882679
49660.0053275889
51203.1396669099
52746.2740062309
54289.4083455519
56681.4027596611
59073.3971737703
61465.3915878794
63857.3860019886
66249.3804160978
69334.2267588082
72419.0731015186
75503.9194442290
78588.7657869395
81673.6121296499
85349.5917164655
85680.4298792789
86011.2680420923
86342.1062049057
86371.8816395589
86374.8591830242
86377.8367264896
86380.8142699549
86383.7918134202
86386.7693568855
86395.7019872815
86396.5952503211
86397.4885133607
86398.3817764003
86399.2750394399
86399.3643657439
86399.4536920478
86399.5430183518
86399.6323446558
86399.7216709597
86399.8109972637
86399.9003235676
86399.9896498716
86399.9998878992
86400.0000105116
86400.0000498123
86400.0000860966
86400.0001223809
86400.0001586652
86400.0001949496
86400.0003401605
86400.0004853714
86400.0006305823
86400.0020826913
86400.0035348003
86400.0049869094
86400.0195079997
86400.0340290900
86400.0485501804
86400.1937610837
86400.3389719870
86400.4841828903
86401.9362919234
86403.3884009564
86404.8405099895
86406.2926190226
86413.0049276738
86419.7172363251
86426.4295449763
86433.1418536276
86446.4268584699
86459.7118633122
86472.9968681545
86486.2818729968
86499.5668778392
86522.6604679236
86545.7540580080
86568.8476480925
86591.9412381769
86615.0348282613
86643.8328320913
86672.6308359214
86695.5990105688
86718.5671852162
86741.5353598636
86764.5035345111
86787.4717091585
86810.4398838059
86833.4080584533
86856.3762331008
86879.3444077482
86902.3125823956
86925.2807570430
86949.1276623570
86972.9745676711
86996.8214729851
87020.6683782991
87044.5152836132
87068.3621889272
87116.1461586979
87163.9301284685
87211.7140982392
87259.4980680099
87307.2820377805
87420.0502498742
87532.8184619680
87645.5866740617
87758.3548861554
87871.1230982491
88112.4043678654
88353.6856374817
88594.9669070980
88836.2481767142
89077.5294463305
89505.8346069554
89934.1397675802
90362.4449282051
90790.7500888300
91219.0552494548
91978.5173544370
92737.9794594192
93497.4415644014
94256.9036693836
95016.3657743658
96344.8443800979
97673.3229858300
99001.8015915620
100330.280197294
101658.758803026
103804.161358058
105949.563913090
108094.966468122
110240.369023154
112385.771578186
116077.944565344
117137.337907397
118196.731249450
119256.124591504
120315.517933557
121852.240048210
123388.962162863
124925.684277516
125982.334066217
126772.701876941
127398.014981403
127876.857216286
128257.078779689
128552.252018848
128787.496438456
128971.830897907
129119.682424002
129237.599496053
129334.047198678
129412.650999405
129477.713629831
129525.857600623
129561.329874651
129587.544450164
129596.652707879
129599.817347161
129599.954791045
129599.978668496
129599.996179426
129600.000354868
129600.001799646
129600.002866372
129600.003933098
129600.004999824
129600.006066551
129600.007133277
129600.014194996
129600.021256714
129600.028318433
129600.035380152
129600.105997339
129600.176614526
129600.247231713
129600.317848900
129601.024020770
129601.730192640
129602.436364510
129603.142536380
129610.204255080
129617.265973780
129624.327692480
129631.389411181
129702.006598183
129772.623785185
129843.240972187
129913.858159189
130613.499589585
131313.141019981
132012.782450377
132712.423880773
133412.065311169
135024.983041842
136637.900772514
138250.818503186
139863.736233859
141476.653964531
143984.484757122
146492.315549712
149000.146342303
151507.977134893
154015.807927484
157192.021984302
160368.236041119
163544.450097937
166720.664154755
169896.878211572
172800